+919999999999
+919845866528
+918257231141
+912147483647
+911692765604
+911692791099
+911690603481
+911689221698
+919972932972
+918242868155
+918310992434
+919448414141
+919916071025
+918762909060
+919972155027
+919591554001
+919591722301
+919743677348
+919742178252
+916361889214
+919449237696
+919448768535
+917022437527
+919591043418
+919480161966
+918277613235
+919449366424
+918152030683
+919591733583
+919611296531
+919448409589
+919257231141
+919742172852
+919448725573
+917022211515
+918257235065
+911921682250
+911921681251
+918152012123
+919482622635
+918197242026
+919448489722
+919448445654
+919448725581
+919481446324
+919480805334
+919880428930
+919480155196
+919164863489
+919449662208
+919448757090
+919449104776
+919901730364
+919561362120
+919164524565
+919731923101
+919164576944
+918147443358
+917353616117
+919482602048
+919845807137
+919743080200
+918257232644
